9,12,16,43,52,62,82,83,98
2,7,9,24,26,30,34,37,47,51,54,58,59,60,63,64,66,70,84,87,93,96,99
1,2,7,16,23,28,36,39,74,81,82,85
2,3,10,14,25,26,29,31,32,35,43,48,53,55,56,62,63,67,70,76,78,79,85,86,89,90,96,98
1,2,4,9,13,14,16,19,20,22,23,26,32,37,38,41,44,45,50,56,59,63,64,66,80,81,83,94,96,97,98
0,29,85,88
5,6,8,33,38,41,42,48,49,50,70,74,77,96,97,99
5,6,8,14,33,69,81,93,97,99
42,60,63
1,2,4,7,8,10,16,17,20,24,32,33,39,42,57,58,63,64,65,81,83,85,86,88,91,96,98
8,35,38,44,52,57,65,82,90
25
3,18,57,87,89,95
4,5,11,12,17,20,25,31,35,43,52,53,58,61,62,66,70,71,73,75,79,82,86,87,90,91,98
0,7,9,11,12,13,27,28,42,51,57,59,62,63,76,77,78,82,86,94,96
6,9,15,28,40,53,56,58,61,62,63,70,72,74,79,80,87,89,90,98
0,4,6,10,12,13,15,16,18,19,29,30,33,35,41,44,45,46,48,49,50,51,53,57,58,60,62,64,67,68,81,85,86,88,89,91,93,99
5,6,10,11,15,18,22,25,26,29,39,41,42,44,49,50,51,54,59,61,62,71,74,75,83,86,91,93,96
28,68
2,19,22,25,27,29,42,55,57,65,71,72,73,77,88,89,99
4,52,91
3,5,8,9,11,12,13,17,19,23,27,29,38,40,50,51,52,67,69,70,80,82,83,84,87,92
3,8,11,24,27,31,42,44,47,50,53,56,60,67,69,75,77,78,80,85,88,96,97
2,8,29,57,58,62,86
4,8,37,50,60,79,83,84,98
3,54,63,64,83,98
6,24,27,45,55,58,59,63,67,79,80,82,84,92,93,94,96
5,14,17,20,23,27,35,38,49,56,66,69,78,83,86,89,90,95,96
0,3,8,9,13,21,22,23,25,31,43,46,47,48,58,67,68,70,80,92,94
6,72
24
1,6,8,11,12,14,16,32,35,36,40,42,45,47,60,69,75,76,84,88,97,98
1,4,9,27,31,34,36,45,52,58,61,62,64,69,70,72,74,77,80,85,96,98
14,29,30,40,69,70,73,88
13,19,22,39,45,46,47,61,72,73,90,92,96
5,12,14,16,26,53,64,71,73,76,90,92
5,9,28,31,51,69,77,93,98,99
5,6,8,9,11,19,20,27,33,36,37,39,46,55,57,58,60,65,74,75,76,77,80,83,85,87,88,89,94,97,98
2,4,14,15,17,19,27,28,29,34,36,41,44,47,55,71,73,75,76,78,80,82,86,89,95,97,98
46,61,62,63,68,79,87
29,30,35,36,41,49,66,72,80
30,48,49,52,59,77,84,85,95
11,24,26,32,36,42,44,52,53,57,60,62,68,69,70,74,76,77,82,83,84,90,91,93,94
0,3,12,15,34,42,52,59,64,67,68,72,75,77,82,85,87,90,99
0,1,7,22,25,28,29,31,37,41,42,47,50,51,52,54,57,58,61,67,69,71,72,73,74,78,79,81,84,85,86,93,97
26
12,13,15,20,29,34,41,49,55,57,59,65,76,88,98
3,4,9,14,15,19,20,22,23,26,32,36,37,41,44,47,57,59,64,67,71,77,78,80,82,84,90,92,93,94,95,96,98
42,47,69,84
4,5,24,29,33,34,39,40,42,43,47,51,54,55,60,67,68,69,71,72,78,79,90,94,96
5,13,15,24,27,30,32,34,39,41,49,56,58,63,70,74,75,78,79,84,86,88,97
7,37,38,49,69,71,77,79,89,94,98
3,6,9,12,17,20,27,28,32,38,40,44,46,48,53,56,60,61,64,70,73,74,81,88
8,23,35,38,40,56,59,60,68,72,89,93,94,96,97
3,4,13,21,23,25,30,32,33,36,43,48,50,57,61,86,90
24,43,59,67,81,92
25,46,58,79,86
5,6,12,13,16,19,23,44,49,57,65,70,72,97
10,53,87,88
54
9,14,16,31,39,48,54,56,58,63,91,93
7,8,10,17,35,52,53,66,71,75,76,77,78
1,2,5,7,9,19,30,31,32,33,40,54,65,66,71,75,82,85,95
1,11,12,13,19,20,25,28,30,37,38,41,43,45,49,50,52,61,68,70,74,75,80,83,84,95,96,99
2,8,14,26,30,35,43,51,59,65,77,83,91,92,93,95
3,4,11,13,20,21,32,38,39,40,43,49,50,51,55,57,58,62,68,71,79,84,88,93,95
3,6,11,19,24,33,51,59,68,74,83,96
40,70,71
5,23,30,35,39,48,53,55,62,65,72,73,86,90
72
9,11,19,23,24,26,28,29,35,43,44,46,47,50,53,54,56,59,61,71,74,79,83,84,87,91,98
2,4,5,7,8,16,27,28,29,37,53,58,59,73,74,75,78,80,83,86,88,95
2,3,6,19,21,33,52,57,60,68,77,82
10,20,25,29,32,48,56,61,62,69,84,85,87,95
2,4,5,11,14,30,31,35,43,45,47,62,63,72,73
48
9,24,30,32,33,42,45,46,51,53,62,81,88,92,95
5,7,12,15,20,22,24,26,30,35,44,50,51,52,56,59,66,74,77,78,79,82,93,95
9,13,16,19,25,32,40,44,45,52,55,58,64,66,76,78,90,92
7,14,16,18,21,23,25,27,31,41,43,46,47,48,57,65,68,74,83,85,91,92,93,95,98,99
1,17,34,63,75
27,54,55,79,99
3,4,5,7,9,16,19,22,23,28,29,30,32,47,51,53,56,61,67,69,78,86,89,94,99
5,8,9,15,17,23,28,36,39,44,46,51,52,55,64,65,66,74,75,76,80,81,85,86,90,93,95,98
17,35,39,46,58,80,86,98
0,1,9,13,19,21,27,31,36,41,43,44,47,51,52,54,59,62,63,70,74,89,93,94,99
1,2,4,13,21,23,25,29,31,39,50,51,53,56,61,64,68,69,71,73,77,80,85,93,95,98,99
8,10,13,21,22,30,31,32,34,37,51,52,56,59,60,70,73,87,97,98
1,6,35,48,49,61,81,86,87,91,97
6,20,26,70,81,82
0,4,5,9,18,20,21,22,27,30,31,39,50,59,65,68,70,73,76,78,80,83,95
40,59,87,95
4,17,41,42,72
23,24,40,55
26,27,28,32,40,47,52,54,56,58,83,98
15,16,24,33,44,46,47,54,64
8,38,40,62,65,70
9,12,16,25,27,31,34,35,39,41,43,45,46,47,49,59,63,68,73,76,79,89,92,94,95,98
1,11,15,20,21,22,31,39,42,50,63,96
2,3,4,5,11,13,16,19,26,32,33,35,36,41,46,48,49,55,61,64,65,67,68,69,72,73,76,77,79,80,81,85,87,89,91,92
1,5,10,12,18,21,30,51,55,56,59,61,62,64,71,77,80,88,93,98
0,2,3,6,8,9,12,13,15,16,20,21,24,26,32,35,36,38,41,42,47,49,51,54,57,58,59,65,67,68,69,72,75,76,77,79,83,86,90,92,94,98
1,2,7,17,22,31,32,33,43,67,68,73,87
31,36,37,38,42,43,45,49,51,57,70,75,79,90
89
2,6,8,10,11,25,30,32,34,36,43,44,46,52,54,55,61,62,64,72,75,76,82,88,95,98,99
0,1,6,15,17,29,33,39,40,47,48,49,50,53,55,58,63,69,81,83,97,99
2,4,11,22,23,27,40,45,46,49,59,63,65,67,78,80,84,85,87,92,93,95,96,97
0,1,3,16,36,40,48,55,58,63,70,85,93,98
0,1,5,6,20,23,25,35,38,43,47,48,49,50,53,54,55,59,65,67,70,71,74,79,80,83,84,85,88,90,97
5,63,68
23,31,55
18
3,10,16,22,42,44,53,57,62,66,70,71,99
2,10,11,19,22,26,36,41,43,47,51,55,58,61,65,67,71,80,85,86,90,91
20
1,2,4,8,9,16,17,28,30,36,37,38,41,44,49,56,57,58,59,64,66,67,74,75,83,92,93
7,8,17,19,22,24,25,27,34,36,39,40,43,46,48,52,53,55,60,62,64,67,81,84,92,94,95,96
0,6,12,18,29,31,34,35,39,46,47,52,54,56,65,74,76,79
5,13,18,25,28,29,30,31,39,51,53,56,57,59,81,83,94,95
1,2,4,5,10,18,19,27,34,35,39,43,45,46,52,58,59,64,65,69,71,74,75,76,78,80,81,82,89,93
0,3,5,12,16,21,25,30,37,40,48,55,57,59,66,69,71,73,74,77,83,84,94,97,99
1,2,4,7,11,13,16,20,21,25,27,29,31,42,48,49,52,54,55,61,62,65,75,76,81,94,95
2,3,14,21,34,37,39,41,45,46,66,68,71,75,77,83,84,94
3,5,30,53,66,67,74,75
0,2,6,8,9,12,13,15,17,19,21,23,24,28,29,31,33,39,41,44,45,47,48,49,50,53,54,57,59,61,66,68,70,71,74,78,81,87,88,90,98,99
5,6,7,9,11,13,22,23,24,26,43,44,45,51,57,62,63,68,74,83,91,92,98
3,18,26,37,39,42,55,59,70,73,79,80,81
9,29,48,51,59,78,85,91
0,5,11,13,18,28,30,36,39,44,54,66,70,76,84,98,99
0,2,6,7,10,29,35,41,48,52,56,57,59,62,66,74,79,86,91,98
1,2,13,25,26,30,33,36,46,47,50,55,61,62,63,67,69,74,77,80,83,94,99
3,6,17,27,28,30,45,54,73,76,83,86,95,99
3,4,7,32,60,68,80
6,7,13,14,16,33,36,42,54,56,58,66,67,83,85,86,87,88,96,98,99
15,17,22,27,49,52,62,73,78,80,88,96,98,99
3,5,10,12,13,21,27,28,33,38,42,43,44,47,48,50,51,56,60,68,72,79,82,85,87,88,90,96,99
23,34,43,46,55,56,61,81
54
4,5,37,49,77
2,5,13,23,62,63,76,87
0,1,15,30,38,57,58,60,63,67,71,77,84,86,87,92
0,11,13,17,22,23,26,29,50,51,52,54,61,62,70,75,77,78,89,90,92,98
85
1,5,6,12,13,14,17,22,24,25,30,32,43,46,51,52,58,59,60,63,72,73,82,84,88,89,90,91,92,93
11,51,52,56,76,80,92
3,5,7,9,10,14,20,22,26,28,33,41,42,44,53,59,64,69,72,83,86,89,92,93
15,21,26,30,52,58,63,68,71,81,92
4,16,20,36,48,74,78,81,85,86,98
1,8,11,18,19,25,27,38,40,41,42,57,58,62,67,68,69,72,80,98
5,9,10,12,13,14,16,17,28,29,30,31,32,33,34,38,39,40,41,44,56,63,79,87,94,96,98
0,3,11,20,23,25,31,38,43,47,50,57,59,60,61,71,79,83,85,92,98
18,42,85,87,88,89,90
0,6,8,13,16,21,26,27,29,34,36,37,38,46,48,50,51,60,64,68,76,79,80,83,87,92,96
0,2,4,5,7,10,13,16,19,25,26,32,36,37,38,40,47,49,51,53,55,57,62,66,70,72,75,82,88,89,92
1,4,12,20,26,32,33,35,51,54,56,67,78,81,86,91,96
0,1,8,10,13,19,21,26,34,35,37,43,66,67,73,78,80,81,85,89,95
28,59
54
3,5,22,26,31,33,36,37,39,40,44,45,49,50,51,52,55,59,67,73,75,91,92,93,95
4,8,12,14,20,21,25,31,35,38,39,40,43,46,47,54,56,59,60,62,64,66,69,70,75,80,84,88,90,94,98
1,7,8,13,18,20,22,38,43,51,59,65,71,77,80,99
1,13,15,20,26,27,39,64,81,98,99
2,3,9,15,20,21,22,25,27,34,49,50,53,64,65,66,71,72,78,81,83,85,86,92
7,8
1,3,4,13,16,18,19,23,24,36,40,42,51,53,55,60,61,74,75,76,77,79,93,94
1,3,6,7,10,18,28,29,30,37,40,49,50,58,61,67,74,79,81,88,89,96,98
4,6,8,21,25,28,32,41,42,52,54,98
33,38,42,67,88,92,95
7,26,48,56,57,61,62,69,71,74,83,84,91,95
0,4,8,13,18,19,25,27,34,35,39,55,56,58,62,63,65,66,70,72,73,75,79,81,82,86,88,94,98,99
0,1,6,8,10,12,14,24,26,27,29,31,35,37,39,40,47,49,52,58,66,67,73,77,80,82,87,88,90,92,93,94,95,98
4,14,16,19,20,23,25,27,29,32,33,34,40,46,50,54,58,61,63,66,69,73,80,82,83,85,86,97,99
0,7,17,41,79,88,92
7,28,29,34,56,59,61,77
0,2,4,15,32,47,52,53,63,65,80,82,88,90
5,6,7,18,23,26,29,37,41,46,60,66,84,88
13,15,23,28,30,34,53,65,66,71,75,84
31
37,63
6,13,18,19,23,27,33,43,44,59,67,69,76,79,98,99
2,4,9,22,35,50,65,66,81,93,94
5,6,9,12,14,19,37,43,45,49,51,52,58,63,67,73,81,83,84,85,87,90,93
3,10,17,20,36,42,48,62,74,89,92,95,96,97
17,36
6,7,10,23,32,34,60,63,69,71,75,78,79,84
1,17,21,34,35,44,55,59,72,84,85,94
13,44,46,61,81,82,94
1,2,6,10,11,14,15,24,34,36,46,47,49,50,54,56,57,59,60,61,63,67,68,70,72,75,78,82,86,87,88,91,94,95,96,99
12,14,21,23,24,27,38,39,41,46,52,65,85,91,92,99
0,5,17,29,49,69,78
0,1,2,3,12,20,29,38,48,63,70,77,79,80,81,92,95,97,99
1,3,10,15,19,26,35,37,38,48,53,65,69,76,81,84,85,94
11,13,15,18,21,22,26,27,32,37,39,41,45,49,53,59,60,67,69,70,73,77,80,82,84,85,89,90,93
15,48,76,81
